  
Run 1_2008

  dataset Gtime(avg) Gtime(std) Gfit(avg)    Gfit(std) Ntime(avg) Ntime(std) Nfit(avg)    Nfit(std)       P-time P-fitness
1       1   2006.700   242.4689 0.4748188 0.0000000000   1667.067   231.6621 0.4748188 0.0000000000 1.991168e-06       999
2       2   1326.100   192.9553 0.5813386 0.0000000000   1164.333   123.7153 0.5813386 0.0000000000 9.990000e+02       999
3       3   8505.433   805.2533 0.4293730 0.0010547553   5648.667   572.8275 0.4279358 0.0008263793 1.862645e-09       999
4       4   2345.467   296.8524 0.4633960 0.0018165306   1925.067   143.3662 0.4666448 0.0010922346 4.656613e-08       999
5       5   4496.733   491.4330 0.4661864 0.0004770741   3580.433   414.0624 0.4668985 0.0005759597 6.146729e-08       999
6       6  11286.100  1060.3587 0.4742619 0.0003300307   8208.167   413.1778 0.4744069 0.0002421902 1.862645e-09       999
7       7   9182.800   715.3677 0.4777017 0.0005027695   5892.133   416.9557 0.4771457 0.0003598544 1.862645e-09       999
8       8   8708.933   630.5594 0.4604683 0.0001016845   6117.767   379.2517 0.4603497 0.0001332123 1.862645e-09       999

Run 1_2009

  dataset Gtime(avg) Gtime(std) Gfit(avg)    Gfit(std) Ntime(avg) Ntime(std) Nfit(avg)    Nfit(std)       P-time P-fitness
1       1   1609.300   163.2067 0.5510903 0.0054847187   1502.100   200.5634 0.5511670 0.0052874216 9.990000e+02       999
2       2   5370.433   649.8332 0.4802622 0.0003270016   3983.367   367.2737 0.4802463 0.0002833924 1.303852e-08       999
3       3   3229.333   337.3575 0.4926779 0.0012129043   2883.800   209.7581 0.4931983 0.0011678373 2.762303e-06       999
4       4  17778.800  1772.6549 0.4801228 0.0003316672  12842.033   871.1448 0.4801777 0.0003745339 1.862645e-09       999
5       5  13046.967  1482.3454 0.4741630 0.0002172340   7141.000   599.3707 0.4742799 0.0002103319 1.862645e-09       999
